experiment_id,runtime
0,30.016500234603882
